![wpn_ak74uvgrip]
        position                         = -0.026213, -0.175, 0.035487
        strap_orientation                = -10.045323, -4.068437, 44.12985
        strap_position                   = -0.243894, -0.298536, 0.2